
--------------+----------
          100 |      233
         1007 |      318
         1008 |      209
         1010 |      172
         1012 |      142
          101 |      238
         1014 |      345
         1019 |       17
         1019 |      283
          102 |      238
         1029 |      323
         1030 |      214
         1031 |      184
         1032 |      174
         1033 |      174
         1034 |      305
         1037 |      169
         1038 |      279
         1038 |      303
         1038 |       95
         1041 |      207
         1041 |      221
         1041 |       43
         1042 |      313
          104 |      235
         1043 |      192
         1044 |      192
         1045 |      259
         1045 |       68
         1047 |      201
         1047 |      366
         1048 |      125
         1048 |      328
         1048 |      357
         1053 |      285
         1053 |      363
         1053 |       92
         1054 |      281
         1057 |      283
         1057 |      292
         1057 |      330
         1058 |      223
         1058 |      284
         1059 |      223
         1059 |      284
         1060 |      321
         1062 |      273
         1063 |      273
         1064 |      200
         1065 |      200
         1066 |      188
         1067 |      158
         1071 |      201
         1071 |      366
         1072 |      306
         1072 |      369
         1073 |       40
         1074 |       40
         1075 |      285
         1076 |      306
         1076 |      369
         1077 |      240
         1078 |      363
         1079 |      157
         1080 |      364
         1081 |      364
          108 |      312
         1083 |      180
         1083 |       20
         1083 |      212
         1083 |      268
          108 |      346
          108 |      349
         1084 |      245
         1087 |      245
         1090 |      215
         1090 |      359
         1091 |      356
         1091 |       58
         1091 |       77
         1092 |      120
          109 |      312
          109 |      346
          109 |      349
         1093 |       80
         1094 |      110
         1094 |      135
         1095 |      160
         1097 |      368
         1098 |      358
         1099 |      358
         1101 |        8
         1102 |      252
         1103 |      240
         1104 |      240
         1105 |      292
         1108 |      174
         1109 |      367
         1110 |      240
         1111 |      240
         1112 |      240
         1113 |      348
         1114 |      345
         1115 |      240
         1116 |      135
         1116 |      139
         1116 |      279
         1116 |       95
         1117 |      360
         1118 |      267
         1119 |      124
         1119 |      348
         1120 |      124
         1120 |      348
         1121 |      245
          112 |      263
         1122 |       92
         1123 |      184
         1124 |        4
         1125 |      292
         1126 |      195
         1128 |      158
         1129 |      180
         1129 |       20
         1129 |      212
         1129 |      268
         1130 |      269
         1131 |      269
         1132 |      135
         1132 |       90
         1133 |      227
         1133 |      240
         1135 |      168
         1135 |      228
         1135 |      249
         1135 |      260
         1135 |      307
         1135 |       32
         1135 |      321
         1135 |       33
         1135 |       34
         1135 |       35
         1135 |       36
         1136 |       90
         1138 |       44
         1141 |      162
         1142 |      185
          114 |      309
         1143 |      185
         1145 |      225
         1146 |      240
         1147 |       41
         1148 |      277
          114 |       86
         1149 |       23
         1150 |       16
         1151 |       16
          115 |      211
         1153 |      207
         1153 |       43
         1154 |      240
         1159 |      108
         1160 |      213
         1160 |      311
         1161 |      141
          116 |      287
          116 |      288
         1163 |      141
         1164 |      134
         1164 |      151
         1165 |      134
         1165 |      151
         1166 |      240
         1167 |       49
         1168 |       49
         1169 |       16
         1172 |      360
          117 |      287
          117 |      288
         1173 |      155
         1174 |      252
         1175 |      227
         1175 |      240
         1176 |        7
         1177 |      311
         1178 |      311
         1179 |      154
         1179 |       16
         1180 |      292
         1181 |      184
         1181 |      286
         1181 |      363
         1182 |      160
         1182 |      373
         1183 |       78
         1184 |      130
         1185 |      130
         1186 |      120
         1187 |       11
         1187 |       68
         1188 |      160
         1189 |      155
         1190 |        3
         1191 |       11
         1195 |      207
         1195 |       43
         1197 |      207
         1197 |       43
         1198 |      207
         1198 |      221
         1198 |       43
         1199 |      158
         1200 |       24
         1201 |      203
         1202 |      192
         1203 |      134
         1204 |      141
         1205 |      141
         1206 |      158
         1207 |       71
         1207 |       72
         1210 |      240
           12 |      110
         1211 |      287
         1211 |      288
         1212 |       80
         1212 |       81
         1212 |       82
         1212 |       83
           12 |      135
         1216 |      240
         1217 |      337
         1224 |       98
         1227 |      203
         1228 |      361
         1229 |      361
         1230 |      240
         1233 |      120
         1233 |      145
         1234 |      114
         1235 |      114
         1236 |       96
         1237 |      270
         1238 |      270
         1239 |      362
         1240 |      362
         1241 |       80
         1241 |       81
         1241 |       82
         1242 |       80
         1243 |      362
         1244 |      362
         1245 |      324
         1245 |      325
         1246 |      348
         1247 |      348
         1248 |       78
         1249 |        6
         1249 |       71
         1249 |       72
         1250 |      377
         1251 |       92
         1252 |       92
         1254 |      184
         1255 |      184
         1257 |      245
         1258 |       71
         1258 |       72
         1262 |      292
         1263 |      374
         1264 |      374
         1265 |      372
         1265 |      376
         1266 |        6
         1267 |      337
         1268 |        2
         1268 |      256
         1268 |      310
         1268 |      318
         1269 |      348
         1270 |      348
         1271 |       63
         1272 |      240
          127 |      263
         1274 |       17
         1274 |      283
         1275 |       17
         1275 |      283
         1276 |      135
         1276 |      345
         1276 |      371
         1277 |      135
         1277 |      305
         1278 |      135
         1278 |      305
         1279 |      135
         1280 |      240
         1281 |      358
         1281 |      360
         1282 |      178
         1283 |      298
         1284 |        4
         1287 |       16
          128 |       80
         1288 |      281
         1290 |      298
          129 |      269
         1294 |      180
         1294 |      268
          129 |       80
         1298 |      258
         1299 |       63
         1300 |       19
         1301 |      262
         1301 |      278
         1302 |       80
         1303 |      351
         1304 |      345
         1304 |       81
         1304 |       82
         1305 |      303
         1305 |       98
         1306 |       41
         1307 |      108
         1308 |      158
         1309 |      178
         1309 |      179
         1310 |      178
         1310 |      179
         1311 |      179
         1312 |      298
         1313 |      298
         1315 |      135
         1315 |       17
         1315 |      283
         1332 |      240
         1334 |       56
         1336 |      262
         1337 |      311
         1337 |      348
         1342 |      184
         1343 |      184
         1344 |      232
         1345 |      287
         1345 |      288
         1346 |      287
         1346 |      288
          136 |      143
         1365 |      135
         1366 |      394
         1381 |      135
         1382 |      135
         1388 |      240
         1395 |      374
         1396 |      374
          140 |       19
         1427 |       44
         1429 |      160
         1442 |      232
          144 |      257
         1443 |      232
          144 |       88
         1449 |      184
          145 |      309
          145 |       86
          147 |      135
         1478 |      135
         1485 |       44
          149 |      120
          149 |      145
         1502 |       44
         1508 |      377
         1510 |        2
         1512 |      348
         1526 |      338
         1535 |      184
         1539 |      231
         1540 |      363
         1541 |      363
          154 |      269
          158 |      153
          158 |      154
          158 |       96
          159 |      153
          159 |      154
          159 |       96
          160 |      235
          161 |      306
           16 |      135
           16 |       16
           16 |      269
          165 |      237
          171 |      306
          173 |      135
          180 |      241
          181 |      241
          182 |      182
          188 |      226
          188 |      313
          189 |      128
          189 |      191
          189 |      192
          189 |      200
          189 |      213
          189 |      252
          189 |      280
          189 |       29
          189 |      311
          189 |      339
          189 |      348
          189 |      362
          189 |      375
          189 |      376
          189 |      405
          189 |       56
          189 |        6
          189 |       61
          189 |        7
          189 |       71
          189 |       72
          189 |       80
          189 |       81
          189 |       82
          189 |       83
          189 |       91
          191 |      237
          198 |      330
          206 |      311
          207 |      191
          207 |      213
          207 |      311
          207 |      315
          207 |      348
          207 |      397
          207 |      398
          207 |      399
          207 |      400
          207 |      401
           21 |       50
           22 |      191
          228 |      226
          230 |      345
          230 |      371
          231 |      287
          231 |      288
          231 |      345
          231 |      371
          234 |       42
          260 |      143
          262 |      269
          267 |       57
          270 |      306
          271 |       19
          280 |      252
           28 |      191
           28 |      213
           28 |      311
          289 |      161
          306 |      243
          311 |      213
          312 |      245
          313 |      245
          314 |      245
           31 |       50
          315 |      245
          330 |      245
          333 |      135
          339 |      127
          340 |      311
          341 |      311
          347 |       19
          347 |       42
          353 |      127
          354 |      348
          366 |      238
          369 |      161
          370 |      108
          370 |      119
          370 |      120
          370 |      134
          370 |      135
          370 |      141
          370 |      153
          370 |      154
          370 |       17
          370 |      176
          370 |       19
          370 |      192
          370 |      203
          370 |      206
          370 |      207
          370 |      219
          370 |      245
          370 |      246
          370 |      247
          370 |      256
          370 |      269
          370 |      272
          370 |      279
          370 |      280
          370 |      283
          370 |       29
          370 |      303
          370 |      306
          370 |      311
          370 |      318
          370 |      330
          370 |      337
          370 |      348
          370 |      353
          370 |      355
          370 |      374
          370 |       43
          370 |       56
          370 |        6
          370 |       61
          370 |       71
          370 |       72
          370 |       91
          374 |      123
          374 |      270
          379 |      165
          383 |      325
          387 |      173
          389 |      336
          390 |      336
          396 |      331
          397 |      120
          402 |      123
          402 |      270
          402 |      345
          402 |       81
          402 |       82
          407 |      324
          407 |      325
          408 |      235
          409 |      173
          411 |      115
           41 |      308
          419 |      145
          423 |      135
          423 |      144
          423 |      293
          424 |      144
          424 |      293
          442 |      331
          443 |      331
          451 |      351
          457 |      331
          468 |      240
          469 |      240
          472 |      287
          472 |      288
          473 |      287
          473 |      288
(4780 rows)
          485 |      190
          487 |      276
          488 |      276
          489 |       62
          491 |      120
          495 |      348
          496 |      348
          498 |      270
           50 |      308
          505 |      123
          505 |      270
          506 |      153
          506 |      154
          507 |      156
          520 |      276
          522 |        1
          522 |      267
          536 |      105
          539 |      229
          540 |      229
          542 |       79
          543 |       79
          546 |       90
          547 |      217
          547 |      314
          548 |      217
          548 |      314
          552 |      204
          552 |      205
          552 |      206
          554 |      204
          554 |      205
          554 |      206
           56 |      226
           56 |      313
          575 |      120
          576 |      264
          582 |      165
          583 |      165
          584 |      282
          586 |       55
          587 |       39
          588 |      275
           59 |      191
           59 |      213
          592 |      194
          592 |      265
           59 |      311
          597 |      289
          598 |      289
          602 |      194
          602 |      265
          603 |      165
          603 |       18
          608 |      187
          609 |      341
          615 |      240
          616 |      240
          623 |       26
          627 |       37
          630 |       37
          631 |      246
          639 |      170
          641 |      324
          646 |      313
          656 |      267
          657 |      267
          661 |      295
          664 |      118
          665 |      118
          671 |      262
          671 |      278
          673 |      295
          677 |      231
          679 |      233
          681 |      232
          682 |      232
          683 |      231
          684 |      231
          685 |      232
          687 |      232
          690 |      305
          693 |        1
          698 |      140
          699 |      329
          700 |      104
          701 |      133
          704 |      295
          705 |      272
          706 |        5
          707 |        5
          708 |      139
          709 |      261
          710 |      139
          714 |      110
          714 |      135
          715 |       15
          716 |       15
          717 |       15
          717 |      279
          717 |       79
          717 |       81
          717 |       82
          717 |       95
          718 |       15
          718 |      279
          718 |       79
          718 |       95
          719 |       15
          719 |      332
          720 |       15
          720 |      332
          721 |       79
          722 |       80
          725 |       15
          725 |      279
          725 |       95
          726 |      104
          728 |      106
          733 |      104
          742 |       94
          743 |       94
          756 |      186
          757 |      186
          758 |       89
          759 |      214
          759 |      273
          759 |      373
          760 |       97
          761 |       97
          762 |      186
          763 |      177
          764 |      177
          765 |       51
          766 |       51
          767 |      100
          767 |      107
          767 |      181
          767 |      266
          772 |      294
          773 |      294
           77 |      338
          774 |      232
          774 |      246
          774 |      247
          777 |      135
          777 |       90
          779 |      342
          780 |      140
          781 |      299
          783 |      142
           78 |      338
          787 |      254
          789 |      354
          795 |      214
          796 |      214
          803 |      193
          804 |      193
          808 |        8
          809 |        8
          816 |       81
          817 |      345
          817 |       80
          817 |       81
          817 |       82
          818 |      239
          818 |       27
          819 |      239
          819 |       27
          820 |      108
          820 |      218
          820 |      219
          820 |      256
          820 |      310
          820 |      318
          820 |      353
          821 |      108
          821 |      218
          821 |      310
          821 |      318
          822 |       45
          823 |       45
          830 |      119
          834 |      259
          834 |       68
          838 |      329
          845 |      146
          845 |        2
          845 |      218
          845 |      219
          845 |      256
          845 |      310
          847 |      234
          852 |      240
          853 |       89
          854 |       78
          859 |      321
          859 |      355
          861 |      228
          861 |      249
           86 |      144
          862 |      228
           86 |      293
           86 |      300
           86 |      301
           86 |      340
          864 |      180
          864 |       20
          864 |      212
          864 |      268
          868 |      180
          868 |       20
          868 |      212
          868 |      268
          872 |      259
          877 |       24
          878 |       24
          881 |      253
           88 |      144
           88 |      293
           88 |      300
           88 |      301
          883 |      286
           88 |      340
          884 |      286
          887 |      108
          888 |      184
          889 |      184
          890 |      154
          890 |       16
          890 |      351
          898 |      311
          898 |      315
          899 |      311
          899 |      315
          900 |      132
          900 |      167
          900 |      365
          901 |      167
          905 |      113
          910 |      318
          910 |        4
          915 |       37
          916 |      290
            9 |      225
          927 |       22
          928 |       22
          929 |       13
          929 |       14
           92 |       99
          930 |       13
          930 |       14
          931 |      129
          932 |      129
          933 |      337
          938 |      201
          938 |      366
           93 |       99
          942 |      176
          942 |       56
          943 |      176
          943 |       56
          946 |      318
          946 |        4
          951 |      195
          952 |      108
          952 |      179
          952 |      318
          952 |        4
          954 |      206
          955 |      206
          956 |      137
          956 |      345
          957 |      137
          957 |      345
          971 |      234
          974 |      232
          974 |      246
          974 |      247
          976 |      113
          978 |      191
          978 |       59
          978 |       60
          979 |       56
          979 |       57
          980 |       56
          980 |       57
          981 |      258
          982 |      272
          983 |      272
          984 |      281
          985 |      209
          986 |      282
          987 |      351
          988 |       66
          988 |       67
          989 |       66
          989 |       67
          993 |       55
          995 |      241
          996 |      241
          997 |      135
          997 |       17
          997 |      283
          998 |       17
          998 |      283
 volunteer_id | beach_id 
